449
305
811
976
378
221
676
197
14
712
125
956
223
500
883
337
229
787
206
530
380
486
563
849
888
439
203
775
464
552
342
971
533
555
848
168
292
971
184
480
435
192
492
441
732
882
850
996
932
128
67
310
16
898
976
451
498
329
999
599
537
199
352
643
636
607
610
229
696
482
229
285
619
100
686
800
125
815
698
886
692
552
990
139
472
898
316
114
269
43
414
972
214
911
324
259
777
593
953
198
135
956
714
197
258
741
794
912
229
926
966
506
440
443
370
812
209
523
812
347
967
788
472
692
891
378
453
50
217
770
328
861
208
385
325
840
614
638
97
660
624
797
449
50
718
626
760
347
410
221
621
706
188
433
850
591
802
86
785
987
23
438
620
957
866
641
184
734
335
161
201
497
389
946
703
833
875
42
404
472
854
131
365
74
364
445
299
206
107
722
584
791
907
788
668
609
775
671
118
60
942
780
692
184
147
592
808
424
469
598
164
345
378
670
749
617
651
211
818
824
632
591
192
949
99
628
868
834
649
892
835
403
477
57
358
477
515
103
931
34
243
268
693
859
780
712
167
240
267
952
139
877
137
842
696
723
757
707
674
379
381
129
203
191
318
938
23
460
243
552
719
968
544
163
382
179
239
58
147
934
456
611
947
910
79
747
583
121
612
514
634
872
592
393
781
479
477
545
41
823
999
450
31
385
675
438
13
88
642
975
616
128
653
983
839
805
666
967
536
965
863
968
946
591
664
944
239
989
770
434
183
294
442
304
131
709
575
322
763
515
119
772
943
659
463
131
861
684
140
733
490
791
319
601
771
776
202
752
305
883
164
586
925
847
280
708
465
927
73
384
637
341
942
250
98
124
153
998
564
152
572
795
621
73
115
770
691
532
695
725
811
731
710
18
210
95
790
843
940
980
397
473
331
164
591
979
962
155
997
93
142
555
740
699
167
668
225
463
2
26
903
24
843
471
465
223
768
623
565
574
830
506
978
440
811
296
677
518
180
684
259
881
183
149
784
739
838
763
223
601
201
275
393
493
780
770
22
599
891
779
375
438
178
668
720
909
61
290
645
552
583
881
86
573
152
459
438
884
789
858
759
603
281
92
276
936
423
653
442
153
414
601
922
482
58
901
354
496
843
64
716
383
676
920
261
625
65
713
624
377
25
906
129
800
282
858
871
706
748
609
497
357
51
93
293
402
142
380
539
802
98
476
611
191
627
433
456
202
435
184
19
23
510
280
490
427
886
875
669
282
923
554
620
569
504
672
695
589
612
826
922
741
310
870
77
912
979
128
18
73
58
639
502
749
193
960
943
61
768
34
705
490
838
255
667
605
771
51
490
156
480
367
648
899
945
402
310
533
35
261
910
399
432
641
555
899
523
624
564
313
857
140
782
354
19
276
120
230
124
119
940
167
865
690
356
781
913
888
907
348
474
167
778
344
244
157
319
707
502
292
65
585
607
347
930
881
415
594
736
881
501
676
179
545
831
814
956
552
868
952
463
634
960
427
378
483
48
853
910
168
643
28
924
93
606
966
7
223
36
471
398
976
980
476
770
66
153
762
13
475
24
548
314
265
609
381
856
190
340
139
929
956
714
141
166
979
903
965
187
53
196
834
334
925
815
751
661
476
171
340
475
715
257
500
173
677
87
597
483
604
437
778
120
291
331
277
305
509
208
274
102
657
870
537
752
903
748
32
120
198
742
67
693
622
612
684
266
71
729
453
53
812
648
879
128
851
798
94
138
789
73
943
534
34
422
220
373
841
143
734
346
80
98
629
87
579
359
990
146
126
819
477
798
936
33
120
871
442
197
746
291
240
569
8
157
841
13
971
155
730
22
561
933
658
428
368
317
515
13
779
10
370
881
585
601
963
286
152
877
371
576
66
881
133
165
26
13
355
858
408
712
488
406
377
509
480
235
334
400
833
103
907
96
936
239
156
314
779
193
248
300
473
964
714
140
416
381
816
574
733
651
248
764
321
790
583
73
538
191
242
938
968
475
420
498
888
535
660
823
100
607
464
961
681
729
205
600
279
725
135
664
300
388
806
864
131
693
933
516
926
326
700
100
981
966
217
441
211
846
670
598
858
785
1000
196
717
89
951
406
812
461
908
113
669
505
864
493
678
445
524
928
853
299
917
355
473
57
492
206
46
876
116
58
892
797
423
193
841
895
284
672
467
368
583
604
937
179
513
204
630
353
148
722
937
728
269
499
763
626
498
974
498
301
102
328
294
219
659
378
211
912
817
425
930
632
57
311
749
919
377
481
318
402
284
949
299
211
209
298
555
479
684
424
911
375
198
962
711
55
787
258
224
646
764
81
649
559
203
268
972
647
589
834
314
485
63
738
358
735
187
168
999
934
129
266
519
332
59
712
231
104
221
702
119
895
377
176
819
814
291
823
824
447
746
126
378
898
859
556
717
618
892
299
2
806
940
284
27
574
798
755
213
913
6
978
629
442
749
964
275
319
125
286
60
498
739
587
956
910
315
317
24
494
127
907
220
463
770
847
407
960
42
754
810
990
458
684
363
506
910
844
386
988
580
822
634
639
614
486
655
682
898
388
101
413
283
916
347
957
896
194
266
903
929
625
507
194
439
347
932
41
625
850
348
906
595
486
15
590
550
826
417
537
28
181
420
845
103
520
292
675
103
64
773
953
697
938
836
879
370
11
298
935
983
216
946
266
231
271
27
19
200
53
832
723
542
734
457
684
262
765
436
413
39
897
762
727
621
156
674
696
484
285
300
789
514
506
28
752
887
55
96
516
828
496
553
775
734
775
680
940
184
483
888
568
434
132
213
921
505
810
641
428
149
426
878
140
825
834
179
611
304
331
789
224
519
918
965
760
517
871
537
419
28
352
615
69
571
931
286
190
866
905
944
289
980
630
126
372
321
3
547
659
86
453
953
625
515
353
239
501
929
682
289
89
165
694
41
301
459
158
980
277
56
856
338
102
949
648
522
636
610
937
823
739
999
692
67
520
445
35
993
851
78
581
474
251
701
685
66
293
104
371
142
824
41
223
567
257
892
206
160
271
492
735
811
565
11
256
856
287
138
136
590
610
105
554
437
21
7
479
824
655
409
245
952
954
626
301
229
683
4
613
955
717
89
785
568
609
967
687
372
861
857
855
956
851
982
406
667
909
497
660
938
810
409
911
24
30
653
764
620
494
217
795
26
2
812
508
112
419
140
970
560
317
440
851
256
933
11
356
569
16
358
118
505
407
779
479
864
655
910
704
551
576
837
598
394
578
728
424
475
837
204
968
194
345
835
202
309
617
902
635
934
45
482
849
865
332
419
859
363
527
726
286
348
865
205
599
12
201
788
150
477
161
753
672
639
530
627
142
368
506
169
910
719
328
312
827
865
140
550
357
824
647
436
830
445
736
695
620
185
785
604
440
919
895
417
259
231
758
239
343
580
532
353
34
972
135
902
507
706
481
303
928
16
947
498
743
804
3
881
692
75
884
316
666
477
292
868
779
831
238
398
204
407
426
404
161
711
612
354
543
780
795
414
710
564
619
177
269
18
788
257
612
30
152
490
280
516
545
499
699
439
522
56
458
577
13
369
269
837
580
200
666
911
771
176
353
604
535
189
613
983
117
389
977
684
799
534
673
618
598
668
888
438
311
12
743
531
760
475
968
53
703
959
772
689
853
521
335
663
113
502
749
760
646
972
190
242
950
907
656
456
877
40
161
755
567
245
289
411
980
323
748
944
895
219
536
525
823
330
925
959
580
990
287
640
513
258
452
76
316
388
197
226
721
388
443
315
160
722
416
862
982
348
713
145
821
133
704
217
287
258
217
235
121
624
84
789
184
111
680
698
575
8
915
153
347
630
25
340
667
693
168
732
648
777
487
109
683
285
525
209
350
974
189
100
415
63
211
519
523
962
713
736
675
934
918
877
231
490
303
6
787
898
302
544
958
619
900
716
624
572
552
768
100
86
349
479
517
861
242
158
821
148
804
417
474
392
577
392
265
727
178
616
222
564
139
600
982
965
907
69
864
858
852
870
258
543
791
883
864
786
467
359
344
339
883
511
361
849
714
498
649
416
89
850
378
415
623
86
796
773
342
724
153
821
518
135
984
926
356
842
827
97
303
920
46
950
442
430
65
613
97
795
787
79
58
457
331
888
708
202
56
685
412
226
473
626
167
208
210
366
337
899
200
822
168
667
295
730
998
413
134
232
330
88
751
643
470
189
484
200
638
659
17
785
395
738
971
926
365
145
229
198
983
924
160
828
185
428
749
503
173
675
396
982
692
893
903
251
556
665
913
675
602
366
500
329
207
149
340
787
623
190
583
267
960
121
277
472
354
89
84
207
94
771
136
668
244
335
765
32
215
480
655
67
14
962
31
701
708
539
654
605
701
186
484
307
621
833
467
134
699
367
311
310
73
360
759
762
12
427
83
262
417
723
209
883
987
831
349
908
640
333
874
150
165
634
67
204
151
124
952
608
774
735
258
237
490
761
80
18
924
122
671
361
208
750
718
587
860
735
390
164
901
246
843
192
371
935
172
518
481
547
554
435
530
530
490
289
5
230
297
665
260
939
743
641
942
544
990
622
267
343
36
621
123
470
629
67
86
278
660
839
184
165
812
252
779
221
295
224
922
689
308
712
403
345
143
172
585
696
635
877
20
942
559
722
230
432
382
126
211
441
675
707
334
430
242
717
446
272
719
63
682
625
891
425
626
15
141
583
474
840
450
82
315
935
903
874
954
968
445
925
602
971
683
21
505
982
98
378
752
487
323
124
578
509
244
671
674
760
907
685
624
43
430
245
317
334
769
131
631
234
373
802
44
94
211
339
85
189
357
154
452
708
826
309
872
731
861
878
852
559
610
888
224
790
14
662
373
564
757
441
451
836
448
600
128
248
448
780
936
366
303
949
46
269
991
68
185
482
148
144
535
170
234
835
139
425
645
385
865
556
49
193
458
360
617
313
835
298
79
626
577
467
328
910
683
624
411
523
241
141
143
510
375
547
270
971
999
630
316
715
78
325
620
62
185
90
218
417
481
800
206
919
153
83
588
681
430
781
618
747
944
432
998
250
679
387
558
639
885
751
465
863
413
858
81
60
35
21
536
117
690
925
225
184
656
386
226
260
75
518
685
849
321
432
359
193
211
893
54
23
638
494
101
630
407
574
248
948
591
51
540
548
969
882
787
251
899
457
512
759
428
544
512
543
836
802
974
346
219
644
164
505
955
138
237
575
64
419
967
410
609
39
951
319
87
454
29
219
176
680
118
652
137
573
471
694
260
464
273
245
694
74
376
504
622
356
731
404
679
177
198
963
221
320
86
434
976
407
95
985
742
444
173
610
812
282
718
899
507
861
256
390
312
688
386
348
753
183
73
980
232
375
461
634
825
162
586
752
481
682
624
367
96
437
668
820
319
788
719
798
783
933
673
282
637
611
416
783
501
198
630
419
100
509
589
598
64
832
986
275
460
528
20
719
215
276
672
969
816
556
880
474
198
41
689
864
853
309
784
998
243
837
797
967
357
667
699
818
714
143
131
430
45
467
530
314
865
48
342
608
925
228
552
493
513
691
343
839
432
903
924
294
560
870
545
420
98
998
445
440
135
474
863
146
786
649
839
415
633
852
36
946
906
707
216
639
720
348
844
787
351
137
798
164
582
201
347
218
72
532
761
138
561
677
676
999
663
854
74
709
558
697
30
200
408
701
475
767
150
757
444
923
484
430
477
23
607
713
179
138
716
88
848
153
812
139
720
827
700
65
371
554
338
282
698
47
864
915
186
701
19
284
420
42
662
954
769
119
559
520
340
48
82
222
659
779
82
656
88
873
551
64
974
896
667
224
494
465
869
550
159
844
331
439
1000
151
850
481
382
86
556
540
32
147
680
540
875
655
110
257
194
925
200
431
583
758
320
501
44
98
968
689
411
831
531
810
155
162
782
776
604
897
230
501
1000
210
180
623
70
284
686
409
66
33
434
944
240
278
648
740
430
237
816
985
912
777
118
64
298
905
662
548
455
769
19
188
339
40
235
917
541
881
488
620
665
892
465
405
532
866
570
463
954
934
362
976
661
852
707
687
903
107
906
971
138
257
319
225
769
980
114
651
503
248
75
708
827
430
825
399
290
228
727
937
475
700
597
738
200
362
134
879
880
640
54
777
124
708
213
330
789
621
187
631
990
403
38
298
178
736
189
492
159
720
878
201
952
444
877
573
293
333
634
191
963
414
535
465
488
822
443
454
825
128
818
53
84
944
305
870
760
656
141
616
469
121
448
324
582
476
583
513
989
987
163
777
916
966
325
802
206
719
359
173
842
339
184
397
654
500
35
60
188
981
507
54
926
680
807
56
440
487
926
694
757
344
852
328
752
531
187
808
378
288
845
995
719
375
571
566
427
987
173
73
766
347
138
521
546
118
644
402
510
605
387
544
608
441
653
859
423
223
423
413
77
183
657
915
716
590
14
824
908
694
372
700
493
569
158
895
763
270
717
492
759
555
224
914
539
400
574
576
336
139
199
679
239
130
401
9
766
232
647
700
503
200
908
657
860
256
463
881
263
631
413
532
212
686
702
27
479
743
230
428
51
527
397
390
897
41
412
236
463
586
140
48
120
800
540
614
927
333
24
922
566
670
789
572
943
758
818
988
925
251
372
288
493
11
480
988
337
910
6
350
152
300
115
358
935
828
68
828
80
770
227
367
36
898
319
692
677
779
633
80
528
727
986
453
241
512
171
273
176
879
933
280
285
724
883
628
206
870
371
234
483
388
761
677
948
320
872
840
219
835
911
349
771
585
7
698
64
551
312
279
995
828
902
567
420
44
129
506
769
126
779
797
651
809
943
657
347
525
631
886
448
951
673
716
795
462
729
231
473
719
100
279
980
541
506
459
190
912
636
371
355
173
6
102
803
874
995
538
204
557
104
376
414
156
456
225
524
906
365
602
86
427
418
944
531
228
420
331
315
246
69
228
225
191
898
773
909
959
610
983
7
725
265
762
796
601
271
941
666
965
230
989
429
841
913
577
401
792
162
993
507
284
11
166
559
998
966
470
424
189
991
144
2
396
117
454
609
378
628
272
715
88
563
202
209
937
689
812
861
306
52
292
95
533
839
431
280
578
288
266
888
974
929
300
610
954
721
906
559
834
424
912
458
158
96
923
973
807
292
634
970
536
810
483
508
302
322
558
449
548
578
198
953
877
769
806
892
105
507
597
680
271
302
948
750
899
32
156
140
237
257
152
605
622
616
194
703
474
546
347
989
577
135
941
22
619
571
566
124
162
717
677
795
133
340
703
458
116
583
35
883
387
829
157
796
46
249
293
63
234
935
655
69
814
236
51
950
419
699
338
948
123
419
480
950
412
563
282
975
128
930
919
892
178
577
958
127
431
532
449
344
654
438
430
898
21
270
485
807
526
585
552
575
486
429
68
435
55
87
469
498
656
952
631
31
317
597
919
363
788
38
171
151
236
250
392
988
919
326
28
145
923
100
582
560
679
70
386
911
518
254
427
974
487
312
750
889
825
93
334
638
684
415
375
880
490
106
224
775
378
757
645
671
639
13
391
636
301
286
650
807
841
705
491
848
878
925
316
802
810
27
82
99
985
768
499
126
321
458
761
69
57
368
123
529
960
35
655
351
716
629
624
535
946
729
718
337
202
499
999
304
873
968
972
467
701
418
625
481
85
788
863
554
316
404
638
539
227
412
80
803
460
729
901
888
834
414
801
688
443
139
722
57
926
858
788
950
822
22
598
669
991
717
477
424
256
77
492
27
608
646
795
761
17
164
356
646
956
284
781
346
972
629
496
383
904
662
751
123
269
651
973
143
796
36
33
785
300
299
633
87
127
793
789
910
854
276
931
991
246
453
804
109
668
249
819
749
673
654
48
675
387
433
734
665
217
824
700
963
582
516
479
661
745
347
615
510
131
818
694
226
469
31
258
652
134
99
199
100
415
393
791
113
311
506
236
45
210
786
99
878
452
43
336
674
664
727
180
549
562
620
90
706
457
159
418
466
716
631
81
915
489
571
369
625
243
378
871
184
294
803
252
619
104
685
890
766
954
197
339
924
569
365
766
182
975
846
292
474
833
829
278
591
201
239
925
710
670
717
501
761
131
736
132
255
793
777
886
489
971
476
272
291
132
257
784
332
931
642
962
38
844
881
636
770
685
326
279
214
367
848
819
468
635
438
100
148
547
160
524
732
718
22
593
140
999
755
940
199
493
895
328
971
121
24
782
945
328
234
841
342
356
731
329
905
739
393
857
453
779
186
908
476
208
408
876
569
131
268
918
121
808
361
42
969
544
466
274
469
874
788
723
764
516
680
659
244
345
537
638
369
500
791
306
956
464
483
239
652
505
471
21
486
289
120
850
980
963
517
853
102
137
505
347
996
388
928
820
640
274
764
343
641
89
66
299
178
872
343
840
132
187
422
556
150
306
462
49
201
726
73
949
521
334
183
992
561
947
626
80
425
81
227
694
169
404
633
710
390
862
230
999
500
591
690
682
928
20
408
649
218
559
247
681
124
935
554
859
116
550
400
568
284
390
689
632
511
573
158
654
405
583
704
53
519
847
176
891
923
623
894
737
803
428
353
99
493
193
343
906
834
178
310
220
581
218
87
49
209
564
545
464
669
134
215
391
845
35
559
120
532
236
290
905
217
424
497
582
50
904
915
600
839
339
910
625
92
10
745
657
484
871
547
919
373
232
891
590
615
300
124
997
86
211
195
62
880
392
421
486
449
751
859
493
25
956
470
727
973
198
28
537
569
736
304
414
845
20
607
801
276
23
43
804
164
76
719
730
452
984
293
851
480
538
99
274
131
726
165
38
221
673
334
8
613
815
251
677
158
751
836
633
379
196
912
47
808
179
917
591
567
616
112
549
417
623
721
580
81
338
185
485
562
647
297
399
670
11
742
507
964
793
865
796
250
911
667
57
368
802
419
619
220
766
758
238
773
27
89
777
835
110
440
868
799
526
642
862
285
1
73
383
650
149
488
396
976
865
202
946
967
189
11
995
491
185
387
709
381
718
858
371
500
634
719
146
554
458
93
471
608
785
622
47
280
375
323
417
651
725
105
53
643
967
560
504
408
212
999
296
223
107
320
953
459
507
874
82
35
585
714
838
717
279
931
300
84
492
425
3
268
297
803
544
32
72
797
129
241
619
200
959
635
447
40
286
100
774
582
853
650
131
289
445
249
532
493
732
250
617
837
66
533
920
242
214
840
858
68
970
679
146
696
959
86
35
857
603
333
411
832
545
798
389
74
113
983
430
422
419
631
158
205
673
745
631
988
165
420
266
345
870
697
985
118
369
755
450
175
696
206
957
526
513
204
423
639
743
195
672
313
965
301
448
692
150
369
879
781
738
219
867
33
26
66
871
685
737
39
33
783
60
589
317
687
214
987
425
190
99
583
775
465
443
464
361
487
679
254
140
842
541
945
583
811
937
133
368
180
714
55
627
650
248
668
830
634
468
362
240
237
57
662
985
166
916
972
870
892
751
499
147
384
229
792
896
259
105
967
257
419
600
306
973
48
302
880
964
532
456
121
62
766
327
468
835
25
742
787
529
471
757
408
611
838
853
950
158
454
711
800
590
389
643
455
163
846
853
452
650
721
203
869
855
324
726
696
932
698
121
932
132
136
4
180
135
691
211
563
273
187
315
259
95
21
411
728
398
197
56
190
882
945
589
616
974
933
560
654
537
738
929
869
407
665
326
792
250
746
880
103
241
715
402
770
519
999
692
245
613
493
519
286
640
778
525
629
355
558
678
756
142
879
218
252
631
459
411
45
670
591
312
568
804
415
552
49
367
53
792
316
24
497
774
728
212
421
600
449
149
282
379
351
27
914
69
546
813
72
289
906
891
599
909
671
123
134
702
458
882
972
647
455
354
522
963
460
286
500
619
80
186
803
595
80
758
192
467
719
565
222
666
621
486
526
307
949
826
732
159
526
879
287
291
807
679
636
514
743
326
830
230
721
380
876
691
735
70
4
339
894
748
249
406
141
764
789
806
48
701
264
68
150
421
633
494
736
215
801
491
132
665
346
315
794
576
849
549
650
373
759
235
568
3
254
410
453
886
764
467
591
133
850
721
114
839
162
806
843
8
422
488
346
574
455
272
313
528
343
683
625
921
551
593
599
196
590
970
801
411
641
976
853
317
126
421
26
424
819
909
323
388
40
153
746
638
117
435
469
154
698
248
501
865
757
352
853
943
192
778
798
881
929
158
306
288
978
950
55
405
200
517
465
521
79
562
276
825
551
715
899
261
144
259
57
106
669
627
494
150
59
597
199
671
738
565
189
364
859
255
336
845
951
133
937
584
185
770
911
860
935
822
640
534
12
228
404
576
346
696
366
874
985
862
632
926
961
542
843
465
107
434
794
697
915
998
851
984
972
512
715
143
940
287
603
378
980
177
351
872
263
536
326
870
958
854
823
40
421
73
975
647
544
52
964
459
202
841
762
130
837
526
629
906
512
800
733
406
905
63
758
622
36
459
912
268
701
322
255
534
713
489
36
399
667
443
113
213
559
332
171
710
259
691
203
438
653
677
537
615
219
824
245
146
748
906
904
1000
671
158
329
627
937
381
733
298
742
51
501
108
672
775
248
824
889
617
212
902
10
653
792
215
142
324
474
966
454
187
468
882
244
211
511
187
330
457
984
72
527
946
224
668
378
966
110
29
30
585
537
641
713
90
138
88
93
491
68
538
930
566
137
853
956
182
742
191
609
640
251
492
348
865
164
314
864
302
499
384
107
364
183
492
201
667
703
10
994
10
925
133
264
403
592
609
402
198
377
74
504
566
51
776
594
254
550
652
134
531
589
917
361
323
698
857
110
725
529
332
334
817
441
515
256
289
550
784
495
538
872
908
985
737
754
317
522
445
987
986
486
988
843
604
853
603
395
312
250
159
89
898
458
918
98
547
952
727
907
894
59
921
421
657
916
315
301
37
521
574
582
542
869
545
147
337
644
482
89
606
348
6
906
83
639
740
358
943
778
114
114
22
364
659
886
79
229
728
48
131
939
23
256
456
926
18
945
847
267
771
44
580
733
610
969
729
672
938
730
364
790
443
503
41
389
301
417
506
278
647
727
850
760
845
251
754
506
208
825
404
737
143
195
799
695
194
300
262
381
208
181
960
341
573
771
461
253
200
238
260
975
164
970
181
636
845
268
608
808
58
336
149
436
93
913
81
434
203
692
681
598
995
351
529
165
973
434
480
18
598
254
132
735
396
796
634
578
666
531
641
671
230
634
475
537
957
913
348
29
115
472
830
235
913
583
154
425
207
7
937
511
479
38
678
225
41
265
994
521
579
973
168
927
487
408
625
998
976
98
304
257
84
735
27
477
517
923
353
173
145
829
647
191
777
16
606
563
178
916
246
310
523
853
525
8
800
195
523
620
339
531
338
402
428
746
205
484
328
783
941
629
868
77
445
621
276
174
936
871
354
881
531
388
246
2
48
878
632
489
396
701
190
285
531
447
538
381
990
213
43
173
494
497
216
552
906
754
167
191
626
369
902
19
889
964
640
387
928
3
328
788
380
832
240
928
807
327
451
191
282
661
993
9
581
168
136
408
116
369
942
767
263
45
213
591
846
926
85
986
860
408
887
362
685
839
608
512
377
472
498
881
496
566
83
856
358
941
380
503
375
716
929
187
324
939
69
176
124
415
22
30
663
225
673
49
443
960
856
871
351
703
267
938
211
760
114
336
625
32
275
845
677
309
423
785
573
714
659
613
497
552
490
16
55
395
90
750
655
542
120
356
738
122
129
966
392
915
604
223
577
867
306
548
913
402
212
673
18
960
636
744
803
46
354
337
181
337
486
698
981
630
732
713
494
54
642
686
676
855
235
748
460
279
900
71
705
268
498
776
405
808
131
197
377
254
29
174
903
632
870
929
918
678
614
201
295
169
585
601
25
13
274
387
711
984
729
232
516
493
189
262
449
119
769
552
912
413
566
943
910
9
543
429
860
843
140
869
299
615
525
410
975
937
749
656
475
356
444
684
408
882
936
441
763
517
342
854
265
995
233
887
678
758
700
572
906
485
768
534
701
618
16
735
419
421
342
866
867
853
802
742
492
160
236
35
699
226
104
98
876
324
277
514
845
872
984
577
140
40
63
745
370
838
35
132
921
136
445
775
215
73
661
409
210
724
3
535
853
68
628
348
190
777
857
113
598
44
481
112
706
315
787
654
674
364
847
730
293
706
961
188
171
619
373
631
459
768
600
745
247
264
146
566
710
172
605
352
140
342
523
399
724
558
432
522
822
452
294
884
267
59
856
432
51
517
105
120
510
341
318
113
177
426
582
252
862
908
887
492
606
22
505
358
774
530
75
510
309
858
875
35
717
52
757
435
296
474
51
754
67
266
103
807
243
693
12
995
214
941
888
670
246
181
933
345
894
46
504
39
343
726
791
838
315
288
853
20
796
494
274
304
630
106
524
594
705
515
59
69
929
623
963
297
410
514
429
926
888
549
859
515
742
490
824
151
328
516
606
855
862
123
516
304
303
214
345
229
14
670
830
979
64
722
528
982
591
121
814
356
632
762
896
377
179
422
19
88
222
33
162
517
658
211
456
801
864
61
910
521
527
484
89
876
514
651
595
107
196
571
710
402
232
482
196
237
817
858
799
517
638
51
820
27
379
473
738
698
30
252
296
71
753
978
59
982
651
803
645
518
885
427
263
365
876
703
736
307
48
426
965
264
801
386
124
977
893
815
662
260
883
561
752
596
523
774
225
156
999
493
465
826
596
315
292
766
327
704
571
450
443
564
491
327
712
160
509
736
279
354
428
726
444
458
840
469
881
785
165
251
736
667
851
405
466
573
610
836
53
659
755
725
233
308
506
4
974
392
340
935
322
630
296
867
36
352
244
459
147
402
204
463
425
896
580
510
865
773
154
388
930
826
834
2
835
30
790
432
152
332
465
199
587
411
125
444
403
618
210
544
811
109
647
761
862
976
467
301
747
277
214
288
231
147
545
295
138
358
233
446
951
285
379
280
890
709
59
281
70
112
498
915
161
418
371
447
873
915
95
392
349
627
363
649
886
228
130
82
781
444
37
311
803
244
141
330
591
332
359
410
806
707
187
240
499
997
693
716
740
61
134
807
50
668
418
572
248
807
971
224
916
267
860
876
60
527
169
975
562
298
623
671
765
969
917
393
938
186
100
359
559
950
214
640
5
645
977
879
388
445
111
299
893
410
943
572
863
541
247
496
338
700
605
492
865
394
820
361
882
570
727
111
457
702
803
728
215
600
901
6
343
325
337
255
491
672
110
407
249
383
478
667
503
487
637
874
494
297
575
211
405
397
204
633
229
843
688
304
809
637
637
875
525
534
982
328
474
990
951
455
419
367
721
617
401
339
331
976
840
961
687
604
717
43
998
612
417
564
756
119
686
714
268
622
841
724
405
913
722
787
938
596
314
353
828
695
149
671
636
467
671
222
980
738
368
349
979
530
876
689
356
62
517
356
580
882
255
619
269
294
121
919
240
651
675
130
784
76
469
418
58
514
122
828
808
112
519
814
752
633
190
674
419
234
837
608
775
559
356
205
182
532
259
870
305
513
937
759
502
936
842
170
961
232
566
475
599
27
194
253
299
513
964
157
731
293
468
346
576
697
497
555
145
994
49
724
805
13
472
492
421
296
862
559
955
762
309
484
480
71
964
916
143
495
406
661
860
529
922
438
178
662
177
575
40
705
316
132
756
619
901
102
524
178
996
535
251
497
363
927
573
131
26
848
455
788
425
151
32
901
348
494
777
932
496
423
318
831
569
435
844
498
863
55
888
330
410
184
870
986
522
507
136
247
897
189
950
597
194
301
216
444
500
972
479
502
904
372
609
438
711
110
64
927
222
798
53
911
388
311
268
289
398
479
594
254
275
153
436
429
844
388
908
871
590
349
302
1000
124
579
981
736
201
633
892
664
752
822
135
642
909
834
5
111
469
765
199
1000
421
269
590
11
228
348
17
817
340
334
661
264
178
239
783
672
468
793
579
184
637
797
598
686
835
866
456
328
246
726
907
474
75
651
772
527
256
239
785
524
316
264
935
976
429
633
755
10
66
879
653
967
243
199
173
757
72
210
27
993
804
51
607
165
169
170
217
780
684
434
774
801
450
170
99
966
486
831
832
852
374
782
191
596
140
580
332
455
221
388
251
928
323
133
772
203
2
587
595
412
913
757
595
50
238
461
362
6
744
999
964
207
355
544
741
266
789
750
528
389
153
766
994
465
708
918
790
906
358
235
22
730
928
943
837
717
410
307
985
995
471
872
809
579
122
235
392
225
916
980
594
663
387
268
699
591
826
318
132
949
361
911
749
998
223
100
141
378
372
985
235
713
624
555
596
76
458
362
927
982
723
730
825
16
939
683
321
723
382
298
791
812
292
239
961
789
819
83
916
937
985
172
384
709
35
763
896
525
402
544
669
864
546
894
898
192
109
25
294
28
51
417
305
631
391
507
493
429
664
477
346
947
122
626
543
420
877
334
433
549
651
698
194
949
602
693
474
678
114
480
47
368
579
962
667
742
218
483
937
444
837
848
396
922
258
5
969
870
196
854
803
950
480
728
629
945
686
792
820
530
271
465
826
45
555
883
63
681
13
233
408
573
290
409
295
222
708
241
291
955
699
349
408
449
403
343
915
443
273
1
931
299
20
876
457
210
808
138
113
153
587
877
999
931
669
943
694
850
915
89
69
281
113
743
337
960
139
214
431
920
175
340
765
649
913
163
356
218
108
437
855
873
356
201
584
675
796
670
514
864
161
452
924
380
477
495
874
135
224
20
669
374
379
474
125
15
224
383
695
200
448
729
533
117
652
56
541
932
623
949
697
993
761
908
250
724
787
785
4
674
787
991
135
844
27
261
364
256
578
403
591
812
34
286
31
890
552
216
437
437
88
522
422
178
587
846
905
652
673
257
828
691
175
885
478
626
706
362
648
359
500
7
801
490
677
340
683
497
359
8
681
255
752
788
937
482
453
293
465
146
259
393
451
356
263
755
708
354
978
895
682
459
141
428
469
712
460
203
923
584
317
740
423
276
454
51
320
112
695
555
542
266
304
844
660
702
316
662
562
252
943
124
724
250
765
331
371
753
543
615
108
59
739
693
96
485
78
458
556
399
130
23
273
515
645
225
697
300
256
443
630
59
29
225
491
496
811
392
749
101
964
321
957
902
461
545
151
931
869
98
830
556
861
788
371
15
835
578
179
134
681
279
499
999
572
857
333
425
648
903
775
35
283
930
462
703
726
716
841
699
247
853
751
874
901
872
99
427
755
405
79
302
450
878
433
596
760
150
528
967
809
108
901
806
848
323
882
462
402
312
441
683
189
962
667
369
881
359
677
871
475
580
894
452
494
855
93
486
228
130
267
515
740
677
175
949
447
860
934
195
942
37
527
416
505
4
773
903
792
722
932
54
124
915
622
726
107
938
780
693
37
135
15
279
850
62
308
611
259
803
543
977
648
914
440
241
472
678
764
394
12
272
874
575
996
46
771
546
526
694
675
63
633
495
756
484
878
495
51
300
758
897
148
697
807
260
491
83
819
336
351
648
7
80
459
752
761
456
942
775
999
47
960
849
490
791
885
279
777
489
47
551
905
789
35
678
215
510
974
954
324
898
18
738
908
76
973
661
925
366
453
227
694
130
878
927
540
80
174
843
132
769
50
940
512
305
625
91
942
263
242
737
612
186
74
152
153
73
694
391
883
128
465
228
350
581
830
840
100
211
238
680
42
994
626
320
531
854
899
884
451
698
14
438
262
988
276
232
120
748
917
882
282
205
878
91
527
27
605
910
901
998
24
385
978
927
530
627
144
460
472
947
231
945
15
213
528
134
261
98
934
185
80
161
837
574
608
45
615
56
975
207
44
5
743
67
662
152
890
375
156
602
361
182
158
514
96
717
750
451
769
322
433
579
486
969
983
168
446
616
51
331
479
876
957
518
502
973
64
258
665
108
419
535
686
286
12
598
906
353
56
618
756
483
249
228
164
120
895
137
725
467
265
295
591
684
54
940
828
641
959
652
93
745
540
809
274
96
663
134
849
812
157
808
618
530
347
314
926
4
76
463
22
775
261
201
320
927
121
649
405
700
66
715
571
664
760
118
613
948
313
756
89
125
880
431
690
60
601
951
247
65
514
352
826
276
245
492
893
538
363
327
894
928
998
264
562
891
359
290
387
370
223
249
149
974
586
321
45
910
73
731
850
182
511
671
61
96
325
628
481
764
992
696
938
663
823
619
801
997
223
989
868
161
641
730
580
65
524
85
424
519
790
972
188
418
954
283
567
58
233
381
42
379
868
675
196
335
82
55
214
91
800
176
945
595
595
728
592
580
370
369
804
857
265
983
117
79
261
252
629
644
208
685
903
952
786
315
982
92
110
150
774
428
881
859
898
973
212
258
166
584
773
599
85
877
861
976
42
427
286
828
136
637
77
967
625
114
315
57
585
474
648
16
343
937
838
442
884
26
578
832
894
421
785
54
277
446
679
235
700
242
764
378
826
696
439
153
352
250
548
958
681
655
375
195
204
306
37
115
716
673
614
370
235
612
476
937
119
691
536
379
621
784
419
549
506
159
662
174
790
129
903
886
550
80
553
542
609
495
519
780
814
109
5
11
479
821
609
83
943
548
613
29
338
423
94
578
221
79
509
493
3
789
52
159
235
646
973
508
403
342
958
624
787
459
124
65
886
48
325
295
224
844
313
623
510
970
169
895
799
560
16
911
760
200
596
857
411
986
515
863
2
627
999
993
741
242
38
105
329
592
590
23
126
437
957
299
418
745
972
10
21
679
239
471
570
294
25
508
989
487
159
698
573
625
251
976
914
841
662
390
983
97
697
104
335
344
153
766
40
231
859
917
978
401
29
529
234
140
319
801
190
166
246
433
147
57
632
810
518
901
824
194
340
499
198
451
449
753
852
187
43
224
26
51
470
890
948
517
117
492
408
250
417
483
458
138
776
303
828
601
253
707
110
6
228
102
890
714
34
176
657
521
787
912
905
466
410
537
789
449
370
145
514
439
966
871
987
92
107
284
243
994
799
737
888
758
443
107
792
478
864
15
645
368
432
161
582
343
848
951
570
662
701
718
707
919
925
493
305
574
885
86
9
235
529
98
771
396
776
399
330
731
289
518
568
636
495
506
505
318
902
645
1000
889
445
563
233
611
413
871
399
726
511
640
809
65
119
803
18
548
789
338
718
627
23
851
245
38
77
718
507
902
473
121
285
602
486
497
851
865
451
942
408
893
279
118
767
513
889
497
354
500
553
490
878
731
672
552
5
700
70
280
791
627
288
919
785
520
455
619
116
920
213
143
756
378
925
163
558
32
76
733
466
19
279
465
456
894
997
935
249
839
123
576
855
19
627
91
80
894
193
784
747
74
356
326
539
689
499
22
479
915
115
45
117
810
427
369
132
519
908
2
419
594
350
972
279
955
740
223
916
594
246
109
528
255
900
782
646
868
326
557
696
225
906
591
373
579
995
941
91
236
987
710
986
726
743
628
622
903
841
354
681
520
878
923
925
972
698
74
855
927
461
649
519
726
792
164
512
886
371
148
690
494
746
378
814
615
675
232
792
937
263
728
686
62
678
994
936
165
200
671
990
515
119
108
592
319
264
819
754
411
785
373
591
485
262
509
597
378
692
720
76
955
390
550
454
837
182
883
749
465
220
12
6
968
952
456
940
880
132
690
267
482
766
698
349
250
690
769
230
648
415
286
300
550
202
906
328
736
682
750
532
91
974
825
995
202
576
570
329
594
89
577
556
348
418
164
487
307
825
72
176
173
455
156
518
47
833
856
745
49
861
510
546
536
287
801
873
485
501
860
864
773
888
868
114
713
80
442
459
73
209
521
421
439
752
159
936
705
301
331
445
908
183
791
987
870
203
528
393
617
836
513
70
765
859
99
873
956
305
266
648
42
847
251
560
491
543
890
992
715
372
577
878
778
558
226
959
684
599
715
325
175
971
736
718
996
586
604
464
155
915
665
542
595
181
654
515
638
433
823
713
162
407
554
348
519
159
82
798
334
240
809
950
181
497
529
304
779
641
454
220
198
658
576
470
944
480
123
845
544
671
663
529
491
208
472
546
707
570
119
862
477
553
986
872
908
277
862
981
992
438
390
342
71
182
650
364
996
941
670
255
61
459
382
585
467
233
74
843
892
131
814
273
799
491
438
29
264
316
735
115
654
749
469
455
656
770
293
220
817
175
873
981
639
105
816
327
606
372
660
798
198
883
238
34
255
459
968
247
770
380
747
692
758
604
716
386
976
813
857
142
604
679
570
537
959
706
705
342
171
307
527
999
973
67
458
219
860
998
990
912
312
237
677
192
2
62
367
489
788
248
642
535
256
270
735
334
937
176
804
308
20
35
172
789
583
876
676
428
618
849
728
932
250
568
702
699
592
111
788
888
885
134
472
905
934
6
159
958
959
413
718
790
459
966
629
895
67
265
992
978
411
216
185
648
443
13
967
91
572
32
466
900
62
881
285
580
640
450
442
403
374
765
488
359
706
537
786
808
610
485
346
799
630
758
42
984
628
540
18
823
73
851
133
603
906
832
602
72
558
651
18
670
87
964
379
824
565
766
955
575
242
939
918
348
782
963
13
365
872
951
714
498
596
423
362
292
793
24
607
423
956
411
23
2
148
584
950
509
803
854
703
638
464
303
763
886
233
192
803
284
540
780
774
385
18
554
244
766
938
282
476
715
247
72
216
739
754
28
113
643
415
686
301
930
200
377
960
312
660
757
590
260
457
389
647
943
349
628
971
874
953
990
887
113
309
351
506
609
25
209
454
334
878
625
589
520
605
150
366
526
825
421
400
585
698
637
618
801
72
880
43
633
286
480
269
21
110
757
395
754
464
915
389
177
921
1
232
592
306
519
819
844
640
741
209
797
581
11
822
993
508
698
377
897
138
346
535
857
57
666
966
293
458
20
299
40
853
337
373
388
942
474
322
832
731
756
716
49
77
450
997
381
55
828
775
462
227
844
462
74
233
663
371
965
109
930
405
389
165
334
442
912
128
252
824
287
96
596
948
623
67
96
719
781
517
626
517
423
729
583
553
203
276
576
802
838
601
864
569
442
91
564
203
376
997
17
806
714
489
935
844
326
559
729
175
80
564
882
838
284
401
800
10
569
785
921
594
116
298
410
305
885
42
152
612
801
131
245
32
620
465
580
864
252
940
761
637
425
104
5
543
9
313
560
904
901
454
304
573
795
67
292
673
672
403
672
948
670
658
138
91
616
512
693
719
724
355
723
224
189
345
507
325
522
61
861
871
138
957
344
731
458
623
250
674
372
657
858
878
230
947
440
480
277
284
796
628
108
310
374
177
213
14
771
293
297
852
418
850
501
258
345
801
615
1000
685
207
452
721
974
217
145
795
669
523
434
510
624
840
783
320
331
449
23
674
59
44
559
841
62
208
938
868
893
711
566
513
833
270
795
735
574
290
689
804
290
1
65
291
314
53
370
725
85
28
745
767
687
623
750
521
959
152
740
499
308
23
41
443
250
818
460
999
454
272
299
942
118
386
863
419
690
878
214
543
682
366
614
994
137
692
598
495
333
545
513
95
790
155
371
956
895
161
999
734
585
423
369
590
963
765
497
789
20
969
837
746
985
742
786
240
411
223
64
702
874
524
806
227
715
943
224
445
670
826
457
240
317
765
23
236
333
916
614
101
633
192
90
833
239
142
57
62
929
172
405
441
806
391
195
371
185
96
238
736
610
440
571
736
250
686
937
719
645
652
667
1
613
621
190
854
277
332
554
624
717
364
817
272
715
959
341
73
917
829
249
502
886
473
391
255
325
688
990
911
568
971
894
801
792
807
317
55
472
266
244
465
1
26
454
698
884
559
274
79
409
484
648
590
482
643
967
1000
814
437
218
926
57
540
727
45
399
764
169
966
49
405
847
837
223
374
304
861
687
108
233
376
457
688
145
967
760
972
911
269
350
843
644
128
713
466
628
286
651
469
715
230
252
564
224
829
928
938
299
352
26
438
794
379
589
31
164
927
918
285
501
52
284
619
163
716
584
833
115
351
665
816
464
449
144
731
702
673
977
465
11
310
594
677
517
842
551
253
776
567
468
20
181
714
449
546
539
685
763
29
154
779
410
938
855
165
19
449
51
563
923
363
1
660
884
292
423
790
25
893
503
853
976
810
992
101
796
239
909
395
882
229
830
87
642
366
505
816
486
171
202
442
221
689
242
532
444
778
383
24
518
123
729
531
486
367
633
740
520
584
368
381
559
465
894
213
375
469
737
495
838
819
612
393
443
309
55
862
673
714
737
862
745
576
37
553
313
581
430
985
573
128
920
687
491
205
279
208
416
603
133
978
612
535
244
843
698
770
490
617
738
366
889
98
372
809
230
446
1
255
357
499
492
681
19
862
557
490
160
535
101
982
724
506
837
673
146
608
892
710
919
11
207
988
346
682
297
761
480
41
696
616
531
589
961
632
784
550
215
758
959
723
714
609
726
711
945
801
674
495
573
362
761
397
679
125
574
989
687
556
151
915
456
685
238
471
398
625
146
434
832
821
385
634
682
533
305
667
391
58
636
1000
633
762
397
452
947
973
749
956
863
814
33
982
529
253
732
12
428
873
668
372
331
628
877
885
207
119
854
627
318
975
460
907
571
929
590
87
286
250
731
961
831
745
48
827
737
418
698
567
65
94
34
287
345
512
329
538
566
36
373
580
555
204
451
342
806
845
142
797
85
524
728
345
814
52
137
989
743
814
903
174
553
760
915
146
283
903
898
562
714
305
148
294
156
527
200
162
320
688
715
226
498
352
953
532
324
100
807
549
829
834
736
226
477
158
1000
461
477
821
813
429
214
358
809
102
588
466
899
651
925
307
360
977
681
883
841
640
660
669
820
353
945
834
859
190
489
491
69
707
239
347
724
846
89
507
611
951
575
153
442
816
109
46
358
911
565
307
971
762
269
245
821
393
584
766
920
62
860
523
759
758
893
362
568
233
395
308
313
176
901
928
622
754
366
999
108
628
982
655
746
601
682
936
860
294
214
420
587
699
865
482
13
360
991
936
788
950
732
525
67
770
487
739
709
247
370
159
632
608
149
941
439
596
657
725
426
387
421
669
899
488
169
720
915
817
191
605
637
813
96
621
889
704
204
434
675
994
957
697
576
516
481
369
314
808
363
767
976
957
332
87
228
32
175
664
785
350
93
303
22
561
959
756
896
361
335
65
626
300
666
112
264
822
394
820
993
617
512
939
267
995
442
464
900
301
356
899
909
827
985
168
564
606
746
72
978
642
537
734
696
431
780
597
100
702
22
844
597
936
324
748
402
448
713
731
676
314
501
243
771
543
904
852
324
324
507
497
88
671
856
261
200
454
749
36
21
305
406
118
54
435
763
840
32
37
298
994
684
429
598
226
703
912
21
656
813
229
245
236
99
115
274
591
133
795
189
868
675
315
398
310
677
428
645
864
446
944
353
643
237
199
80
148
375
704
474
425
196
486
564
182
701
820
630
705
812
123
316
856
202
396
774
653
149
441
520
670
20
389
214
49
193
813
252
90
211
858
445
463
255
504
736
271
49
733
264
760
932
770
181
708
9
501
76
471
386
165
389
230
247
946
353
262
971
741
352
960
849
959
692
230
878
992
89
401
72
975
389
695
259
386
311
773
566
515
146
188
426
306
12
37
237
267
612
630
553
723
797
27
704
132
572
454
128
202
558
389
816
890
263
324
705
308
198
590
530
185
469
122
630
658
178
654
753
230
540
56
349
694
142
358
592
19
856
680
351
80
491
49
465
149
357
699
676
947
400
329
94
660
66
798
995
173
833
869
604
648
59
247
39
365
9
756
599
452
433
314
513
716
958
551
558
873
205
716
223
60
284
549
632
524
587
63
15
818
486
249
257
437
520
514
896
947
184
869
938
724
345
441
113
82
227
148
998
545
139
54
438
732
49
77
581
272
760
462
46
753
617
422
432
558
914
814
723
53
351
955
454
323
84
979
851
912
624
233
910
82
293
676
885
141
537
78
11
551
298
570
579
3
270
679
226
304
904
81
422
95
698
986
10
974
162
289
893
388
376
830
621
929
534
150
164
947
956
495
618
580
929
683
766
862
677
156
760
93
297
697
351
694
127
988
456
426
200
718
498
936
655
42
287
310
112
221
268
931
295
815
165
924
56
59
824
322
711
278
769
472
555
70
257
1
753
38
697
753
498
398
799
147
803
308
112
962
244
930
967
758
592
397
249
970
546
766
609
756
515
286
173
446
412
302
766
995
967
21
907
445
714
924
612
601
443
287
358
584
726
213
760
377
611
484
853
223
472
255
565
207
709
480
734
9
120
493
789
452
321
80
6
939
696
613
579
658
292
350
393
461
294
238
7
650
211
525
693
31
519
471
492
751
784
862
886
73
137
272
648
379
763
103
296
217
676
958
432
802
152
134
819
111
753
822
440
389
68
39
414
920
157
262
20
461
689
757
378
685
812
890
561
824
99
736
609
200
386
194
772
711
546
216
269
641
115
618
491
